pb

*********************************************************************************
|				Exec : 					|
*********************************************************************************
|		a			|		b			|
*********************************************************************************
|18[0]					|5[0]					|
|6[0]					|					|
|9[0]					|					|
|10[0]					|					|
|12[0]					|					|
|13[0]					|					|
|20[0]					|					|
|1[0]					|					|
|14[0]					|					|
|16[0]					|					|
|8[0]					|					|
|17[0]					|					|
|11[0]					|					|
|19[0]					|					|
|2[0]					|					|
|7[0]					|					|
|3[0]					|					|
|15[0]					|					|
|4[0]					|					|
*********************************************************************************rra
pb

*********************************************************************************
|				Exec : 					|
*********************************************************************************
|		a			|		b			|
*********************************************************************************
|18[0]					|4[0]					|
|6[0]					|5[0]					|
|9[0]					|					|
|10[0]					|					|
|12[0]					|					|
|13[0]					|					|
|20[0]					|					|
|1[0]					|					|
|14[0]					|					|
|16[0]					|					|
|8[0]					|					|
|17[0]					|					|
|11[0]					|					|
|19[0]					|					|
|2[0]					|					|
|7[0]					|					|
|3[0]					|					|
|15[0]					|					|
*********************************************************************************ra

*********************************************************************************
|				Exec : 					|
*********************************************************************************
|		a			|		b			|
*********************************************************************************
|6[0]					|4[0]					|
|9[0]					|5[0]					|
|10[0]					|					|
|12[0]					|					|
|13[0]					|					|
|20[0]					|					|
|1[0]					|					|
|14[0]					|					|
|16[0]					|					|
|8[0]					|					|
|17[0]					|					|
|11[0]					|					|
|19[0]					|					|
|2[0]					|					|
|7[0]					|					|
|3[0]					|					|
|15[0]					|					|
|18[0]					|					|
*********************************************************************************pb

*********************************************************************************
|				Exec : 					|
*********************************************************************************
|		a			|		b			|
*********************************************************************************
|9[0]					|6[0]					|
|10[0]					|4[0]					|
|12[0]					|5[0]					|
|13[0]					|					|
|20[0]					|					|
|1[0]					|					|
|14[0]					|					|
|16[0]					|					|
|8[0]					|					|
|17[0]					|					|
|11[0]					|					|
|19[0]					|					|
|2[0]					|					|
|7[0]					|					|
|3[0]					|					|
|15[0]					|					|
|18[0]					|					|
*********************************************************************************pb

*********************************************************************************
|				Exec : 					|
*********************************************************************************
|		a			|		b			|
*********************************************************************************
|10[0]					|9[0]					|
|12[0]					|6[0]					|
|13[0]					|4[0]					|
|20[0]					|5[0]					|
|1[0]					|					|
|14[0]					|					|
|16[0]					|					|
|8[0]					|					|
|17[0]					|					|
|11[0]					|					|
|19[0]					|					|
|2[0]					|					|
|7[0]					|					|
|3[0]					|					|
|15[0]					|					|
|18[0]					|					|
*********************************************************************************pb

*********************************************************************************
|				Exec : 					|
*********************************************************************************
|		a			|		b			|
*********************************************************************************
|12[0]					|10[0]					|
|13[0]					|9[0]					|
|20[0]					|6[0]					|
|1[0]					|4[0]					|
|14[0]					|5[0]					|
|16[0]					|					|
|8[0]					|					|
|17[0]					|					|
|11[0]					|					|
|19[0]					|					|
|2[0]					|					|
|7[0]					|					|
|3[0]					|					|
|15[0]					|					|
|18[0]					|					|
*********************************************************************************ra

*********************************************************************************
|				Exec : 					|
*********************************************************************************
|		a			|		b			|
*********************************************************************************
|13[0]					|10[0]					|
|20[0]					|9[0]					|
|1[0]					|6[0]					|
|14[0]					|4[0]					|
|16[0]					|5[0]					|
|8[0]					|					|
|17[0]					|					|
|11[0]					|					|
|19[0]					|					|
|2[0]					|					|
|7[0]					|					|
|3[0]					|					|
|15[0]					|					|
|18[0]					|					|
|12[0]					|					|
*********************************************************************************ra

*********************************************************************************
|				Exec : 					|
*********************************************************************************
|		a			|		b			|
*********************************************************************************
|20[0]					|10[0]					|
|1[0]					|9[0]					|
|14[0]					|6[0]					|
|16[0]					|4[0]					|
|8[0]					|5[0]					|
|17[0]					|					|
|11[0]					|					|
|19[0]					|					|
|2[0]					|					|
|7[0]					|					|
|3[0]					|					|
|15[0]					|					|
|18[0]					|					|
|12[0]					|					|
|13[0]					|					|
*********************************************************************************ra

*********************************************************************************
|				Exec : 					|
*********************************************************************************
|		a			|		b			|
*********************************************************************************
|1[0]					|10[0]					|
|14[0]					|9[0]					|
|16[0]					|6[0]					|
|8[0]					|4[0]					|
|17[0]					|5[0]					|
|11[0]					|					|
|19[0]					|					|
|2[0]					|					|
|7[0]					|					|
|3[0]					|					|
|15[0]					|					|
|18[0]					|					|
|12[0]					|					|
|13[0]					|					|
|20[0]					|					|
*********************************************************************************pb

*********************************************************************************
|				Exec : 					|
*********************************************************************************
|		a			|		b			|
*********************************************************************************
|14[0]					|1[0]					|
|16[0]					|10[0]					|
|8[0]					|9[0]					|
|17[0]					|6[0]					|
|11[0]					|4[0]					|
|19[0]					|5[0]					|
|2[0]					|					|
|7[0]					|					|
|3[0]					|					|
|15[0]					|					|
|18[0]					|					|
|12[0]					|					|
|13[0]					|					|
|20[0]					|					|
*********************************************************************************ra

*********************************************************************************
|				Exec : 					|
*********************************************************************************
|		a			|		b			|
*********************************************************************************
|16[0]					|1[0]					|
|8[0]					|10[0]					|
|17[0]					|9[0]					|
|11[0]					|6[0]					|
|19[0]					|4[0]					|
|2[0]					|5[0]					|
|7[0]					|					|
|3[0]					|					|
|15[0]					|					|
|18[0]					|					|
|12[0]					|					|
|13[0]					|					|
|20[0]					|					|
|14[0]					|					|
*********************************************************************************ra

*********************************************************************************
|				Exec : 					|
*********************************************************************************
|		a			|		b			|
*********************************************************************************
|8[0]					|1[0]					|
|17[0]					|10[0]					|
|11[0]					|9[0]					|
|19[0]					|6[0]					|
|2[0]					|4[0]					|
|7[0]					|5[0]					|
|3[0]					|					|
|15[0]					|					|
|18[0]					|					|
|12[0]					|					|
|13[0]					|					|
|20[0]					|					|
|14[0]					|					|
|16[0]					|					|
*********************************************************************************pb

*********************************************************************************
|				Exec : 					|
*********************************************************************************
|		a			|		b			|
*********************************************************************************
|17[0]					|8[0]					|
|11[0]					|1[0]					|
|19[0]					|10[0]					|
|2[0]					|9[0]					|
|7[0]					|6[0]					|
|3[0]					|4[0]					|
|15[0]					|5[0]					|
|18[0]					|					|
|12[0]					|					|
|13[0]					|					|
|20[0]					|					|
|14[0]					|					|
|16[0]					|					|
*********************************************************************************ra

*********************************************************************************
|				Exec : 					|
*********************************************************************************
|		a			|		b			|
*********************************************************************************
|11[0]					|8[0]					|
|19[0]					|1[0]					|
|2[0]					|10[0]					|
|7[0]					|9[0]					|
|3[0]					|6[0]					|
|15[0]					|4[0]					|
|18[0]					|5[0]					|
|12[0]					|					|
|13[0]					|					|
|20[0]					|					|
|14[0]					|					|
|16[0]					|					|
|17[0]					|					|
*********************************************************************************ra

*********************************************************************************
|				Exec : 					|
*********************************************************************************
|		a			|		b			|
*********************************************************************************
|19[0]					|8[0]					|
|2[0]					|1[0]					|
|7[0]					|10[0]					|
|3[0]					|9[0]					|
|15[0]					|6[0]					|
|18[0]					|4[0]					|
|12[0]					|5[0]					|
|13[0]					|					|
|20[0]					|					|
|14[0]					|					|
|16[0]					|					|
|17[0]					|					|
|11[0]					|					|
*********************************************************************************ra

*********************************************************************************
|				Exec : 					|
*********************************************************************************
|		a			|		b			|
*********************************************************************************
|2[0]					|8[0]					|
|7[0]					|1[0]					|
|3[0]					|10[0]					|
|15[0]					|9[0]					|
|18[0]					|6[0]					|
|12[0]					|4[0]					|
|13[0]					|5[0]					|
|20[0]					|					|
|14[0]					|					|
|16[0]					|					|
|17[0]					|					|
|11[0]					|					|
|19[0]					|					|
*********************************************************************************pb

*********************************************************************************
|				Exec : 					|
*********************************************************************************
|		a			|		b			|
*********************************************************************************
|7[0]					|2[0]					|
|3[0]					|8[0]					|
|15[0]					|1[0]					|
|18[0]					|10[0]					|
|12[0]					|9[0]					|
|13[0]					|6[0]					|
|20[0]					|4[0]					|
|14[0]					|5[0]					|
|16[0]					|					|
|17[0]					|					|
|11[0]					|					|
|19[0]					|					|
*********************************************************************************pb

*********************************************************************************
|				Exec : 					|
*********************************************************************************
|		a			|		b			|
*********************************************************************************
|3[0]					|7[0]					|
|15[0]					|2[0]					|
|18[0]					|8[0]					|
|12[0]					|1[0]					|
|13[0]					|10[0]					|
|20[0]					|9[0]					|
|14[0]					|6[0]					|
|16[0]					|4[0]					|
|17[0]					|5[0]					|
|11[0]					|					|
|19[0]					|					|
*********************************************************************************pb

*********************************************************************************
|				Exec : 					|
*********************************************************************************
|		a			|		b			|
*********************************************************************************
|15[0]					|3[0]					|
|18[0]					|7[0]					|
|12[0]					|2[0]					|
|13[0]					|8[0]					|
|20[0]					|1[0]					|
|14[0]					|10[0]					|
|16[0]					|9[0]					|
|17[0]					|6[0]					|
|11[0]					|4[0]					|
|19[0]					|5[